59 28 61 53 36 69 90 92 38 5 70 91 95 35 46 18 94 9 96 64 64 96 41 83 29 12 26 7 63 71 51 84 6 87 52 37 28 98 57 92 15 77 42 58 10 41 94 15 83 62 35 13 27 15 20 64 88 79 23 24 43 83 28 67 54 86 84 7 83 8 91 96 52 3 48 88 53 83 73 88 18 11 25 0 36
38 57 92 67 89 49 49 75 33 48 32 48 75 4 24 58 87 32 74 71 39 61 23 67 33 10 5 6 36 6 32 57 27 30 15 29 93 41 95 60 41 21 19 56 16 39 79 78 49 30 32 79 52 29 98 77 34 24 34 78 44 43 38 26 16 76 21 44 90 95 65 46 37 13 30 17 41 68 51 94 32 27 58 5 74
53 4 98 33 38 95 68 6 16 16 98 83 93 39 40 18 34 89 54 65 87 42 38 100 80 35 66 74 40 46 16 86 33 53 63 71 23 11 51 100 97 39 20 98 32 34 49 28 10 76 98 39 3 41 88 11 67 98 53 2 29 95 67 71 100 11 50 40 77 70 95 22 38 54 69 48 21 41 68 46 87 38 63 65 48
77 83 93 65 52 4 25 59 48 71 2 73 50 98 20 85 8 52 41 81 76 1 50 72 40 90 25 30 7 16 91 31 1 22 22 29 58 75 24 65 70 64 90 83 67 75 71 43 47 61 78 86 22 85 73 76 32 20 25 62 79 95 52 32 81 71 71 27 75 91 26 34 27 76 10 11 11 68 5 65 18 83 83 46 38
4 9 16 50 47 98 38 50 62 87 75 12 58 1 96 3 43 68 56 35 44 58 46 74 61 65 64 14 61 43 96 11 5 95 76 61 55 78 28 94 89 84 65 90 36 100 53 66 9 61 75 15 27 11 94 46 63 42 90 82 33 23 89 19 91 63 6 64 26 34 49 66 39 63 46 60 94 57 38 61 11 98 4 100 68
81 85 95 0 29 99 12 89 46 60 65 96 46 100 73 94 90 40 75 11 9 76 64 65 33 53 6 3 28 71 35 19 90 51 9 78 11 63 97 36 37 77 93 3 82 65 47 58 66 67 21 58 29 89 59 5 21 30 68 76 92 8 60 76 24 46 5 96 90 95 83 27 43 39 75 32 83 61 84 68 6 49 38 62 49
78 90 0 92 3 57 82 95 21 45 28 17 17 79 35 59 51 68 71 85 95 15 91 13 26 23 60 46 0 70 43 71 99 27 47 56 5 3 86 38 0 32 22 94 47 15 66 82 48 8 55 82 68 77 54 63 99 88 65 81 98 35 95 52 2 57 19 90 32 79 54 48 82 33 84 63 94 97 67 11 58 78 98 92 14
61 3 21 74 84 58 17 38 5 40 66 37 70 92 90 97 76 49 70 54 7 100 34 94 91 70 1 21 54 23 19 37 3 38 41 54 98 15 48 21 37 9 77 93 17 26 23 4 77 15 82 28 28 37 6 62 69 27 83 14 56 97 85 82 21 28 34 32 51 36 99 60 1 48 17 99 22 42 76 65 46 97 45 38 41
91 9 66 31 79 85 70 33 33 66 40 24 96 71 90 93 91 54 41 16 21 27 80 20 7 40 27 52 18 69 59 52 47 40 31 19 68 1 73 51 29 27 68 83 77 74 27 71 87 73 56 43 4 21 20 63 29 46 23 39 58 18 15 65 6 89 78 55 40 71 24 90 81 90 88 95 60 97 43 33 12 56 66 45 12
15 47 25 20 68 90 21 78 34 93 10 12 2 77 88 97 73 30 15 48 67 62 14 33 26 2 32 3 90 26 1 52 70 53 91 41 53 35 72 81 3 11 47 98 78 82 58 20 55 37 40 26 50 97 46 53 33 92 94 66 58 18 88 7 91 58 42 49 86 46 44 37 59 35 45 55 15 17 56 44 45 11 48 53 86
76 2 73 7 38 8 61 41 6 23 86 24 40 6 19 40 8 35 8 94 2 68 15 52 91 38 16 35 50 20 46 70 34 21 15 56 69 42 47 38 83 97 52 11 60 30 76 11 37 4 36 77 39 60 84 8 88 21 16 100 93 25 91 87 78 15 90 18 91 63 71 67 88 71 10 6 15 3 93 60 63 5 99 46 85
70 30 75 38 7 69 48 26 48 46 58 5 66 34 44 41 57 20 74 33 70 89 69 50 77 93 84 29 56 37 87 27 45 1 7 85 15 80 84 95 23 41 40 24 53 0 50 69 48 19 5 85 24 13 15 81 62 25 61 14 85 18 70 11 59 30 61 64 26 59 26 78 36 79 9 28 49 44 98 77 43 15 81 37 31
2 2 32 87 27 22 91 18 70 10 4 71 29 66 22 39 87 42 89 94 28 48 45 3 87 32 18 27 85 72 69 38 32 80 57 28 29 77 100 36 35 59 67 69 4 58 19 79 76 37 57 73 92 44 3 54 57 28 0 95 4 63 34 98 41 67 39 49 9 94 10 9 42 52 58 69 81 77 100 29 12 40 52 47 15
97 47 89 76 2 71 0 77 5 32 73 25 69 27 37 18 70 69 82 26 47 30 39 86 35 73 80 28 72 82 65 10 87 83 45 20 50 74 6 23 10 32 37 20 86 44 11 49 62 10 42 71 71 20 68 66 7 3 40 30 91 72 4 24 67 62 38 87 83 17 69 97 63 59 16 15 94 18 0 92 61 31 67 62 39
94 39 66 15 79 12 46 33 77 32 38 27 13 53 23 5 25 67 44 41 46 7 12 4 53 72 90 3 49 69 60 5 43 85 74 22 72 72 4 5 23 63 87 27 79 88 81 66 77 86 36 64 22 21 94 87 27 62 62 6 23 43 84 8 72 32 85 28 80 0 34 53 63 39 18 83 21 86 25 65 92 23 26 63 33
97 83 22 92 87 96 9 9 98 82 80 80 79 55 46 3 52 86 77 52 83 1 83 2 10 65 41 37 98 14 100 17 21 75 75 50 62 37 93 4 24 44 65 57 38 3 43 30 80 62 40 38 49 11 50 95 0 19 81 21 54 73 12 83 83 62 58 3 80 97 41 14 93 72 28 38 37 25 65 7 22 11 57 35 75
61 69 10 25 81 50 43 57 71 50 52 32 83 75 76 45 39 50 83 20 25 46 77 83 11 58 75 55 73 100 43 15 77 7 21 94 48 79 100 47 99 58 21 22 77 6 55 51 89 63 83 61 75 15 50 15 92 27 13 23 75 88 84 72 6 36 55 75 53 83 97 61 51 36 22 67 24 55 6 5 3 23 67 10 16
83 41 62 57 5 2 21 65 76 72 10 74 49 15 40 51 80 98 6 66 22 9 38 93 83 91 36 20 8 20 52 21 73 56 24 96 94 17 48 80 75 96 75 65 12 94 75 40 67 54 23 26 61 45 95 73 3 70 75 15 66 1 57 56 20 89 0 94 91 45 57 63 50 26 91 26 35 74 80 90 15 97 54 54 97
26 61 28 61 51 92 24 43 33 13 74 39 18 45 24 93 82 49 21 97 61 76 34 54 69 38 29 90 85 100 70 47 2 60 94 28 73 32 40 53 33 19 17 12 17 87 16 29 56 98 34 47 33 58 36 50 26 75 93 12 63 34 59 33 44 27 36 59 51 96 20 49 9 68 64 41 59 21 37 82 21 0 34 87 65
22 14 45 24 44 1 98 39 27 91 99 61 84 69 91 50 58 78 60 78 85 38 65 95 95 92 4 38 11 91 62 0 72 69 21 12 92 35 6 95 22 9 82 78 65 81 75 53 46 31 64 23 75 9 80 85 50 51 29 53 97 60 28 36 29 99 90 14 47 78 59 22 71 65 55 76 57 87 29 13 16 52 92 81 26
39 25 62 90 37 63 40 5 54 98 63 82 45 49 67 92 61 5 69 72 42 52 10 55 4 27 63 22 16 37 45 68 48 9 90 74 27 25 10 15 18 17 17 67 93 94 11 38 63 22 55 47 23 8 85 87 15 7 85 9 100 18 90 17 53 95 34 35 59 94 64 35 95 53 53 24 35 43 62 11 15 24 60 95 82
98 44 39 25 2 58 20 40 0 15 100 27 100 13 98 59 77 79 69 58 20 52 71 55 60 52 72 45 74 95 75 59 96 36 56 51 96 10 56 35 44 95 95 37 53 98 35 29 65 52 39 45 91 36 61 46 74 84 65 51 87 75 67 6 40 41 32 64 58 47 64 67 23 34 14 25 57 33 1 63 17 43 81 22 55
29 69 59 75 9 77 11 46 5 49 69 28 88 97 12 66 71 71 18 89 73 22 56 22 36 89 41 83 1 33 43 95 45 51 11 72 73 90 49 70 53 20 18 86 45 98 69 36 90 98 46 72 63 33 83 7 12 37 39 20 36 29 44 72 5 75 84 37 86 41 93 82 22 48 35 52 4 71 78 39 19 5 94 3 87
72 31 11 69 3 59 36 51 28 34 24 76 46 81 70 13 32 50 48 5 65 49 15 99 31 2 42 59 0 0 30 35 40 85 33 44 73 69 82 82 57 30 95 13 11 76 59 91 7 25 88 55 45 99 22 22 16 12 37 1 16 77 51 27 3 89 36 61 47 26 40 64 69 67 48 34 55 1 87 55 44 52 52 75 13
76 91 42 63 10 27 60 31 81 65 81 80 67 10 23 40 98 43 82 85 23 87 79 51 88 68 15 26 82 57 65 25 76 13 28 98 95 98 36 99 81 33 88 1 68 55 88 92 64 15 46 9 70 90 91 90 12 91 76 43 12 34 49 23 0 56 4 54 82 25 46 0 6 84 4 91 99 77 83 32 80 23 63 67 11
56 55 86 23 38 86 3 21 94 86 47 84 65 0 12 50 34 9 38 70 46 2 86 86 0 91 35 8 43 64 89 72 83 12 45 0 18 30 43 40 43 79 13 98 58 6 34 77 71 83 45 14 24 97 65 53 70 100 23 48 50 96 79 30 97 75 1 53 56 12 31 3 66 99 27 68 90 88 28 94 57 59 37 61 18
75 47 86 47 93 30 19 7 96 91 47 100 83 1 83 4 82 20 58 51 42 48 26 70 98 63 82 72 29 92 91 58 17 12 21 28 16 5 63 82 12 96 71 7 80 68 6 87 46 89 76 38 79 10 77 27 21 15 49 29 49 47 79 4 0 90 83 71 80 55 89 76 57 77 38 46 78 18 91 30 57 95 26 40 16
52 79 7 35 95 6 0 56 34 32 66 17 66 7 90 85 35 7 91 0 100 81 2 73 31 49 3 25 19 73 54 21 38 89 48 11 76 35 85 48 89 19 23 44 72 28 11 10 0 45 21 88 35 40 16 71 76 35 4 46 3 75 37 62 79 45 80 78 59 79 9 0 22 43 11 81 58 59 0 2 37 93 24 75 51
67 86 98 72 78 35 40 31 39 45 13 83 61 66 27 49 34 52 22 35 21 66 93 28 36 12 17 34 2 8 10 50 62 10 11 59 82 5 82 43 70 70 83 98 99 99 97 94 73 54 3 41 2 40 30 1 94 69 36 65 18 5 28 30 34 63 20 50 54 68 68 28 70 79 66 51 83 95 30 37 15 24 62 48 5
70 48 22 80 10 66 12 70 16 25 64 41 52 64 35 78 46 39 5 87 75 71 23 75 79 19 99 39 99 49 94 44 80 25 64 15 99 71 43 2 55 59 54 54 2 10 30 30 95 60 69 85 56 62 31 100 24 48 1 92 67 73 71 67 31 19 61 27 100 20 80 76 97 3 31 15 17 70 72 69 89 69 44 39 81
9 88 18 95 65 91 51 69 51 35 83 89 87 23 83 50 2 30 74 81 93 89 53 31 15 83 55 76 33 2 99 29 31 87 21 31 43 33 35 30 29 7 45 68 49 27 30 47 90 18 87 38 70 59 88 21 35 87 79 82 36 76 36 49 37 53 57 0 1 52 7 70 95 44 51 86 43 85 83 88 52 7 86 14 16
61 59 73 99 0 97 57 54 54 94 54 71 97 31 96 71 30 46 38 11 16 43 26 7 1 78 50 3 92 29 28 90 22 32 76 95 85 1 0 55 51 16 41 50 98 15 47 54 88 17 22 62 48 3 0 17 32 65 97 23 47 53 63 24 65 64 49 65 55 0 87 29 45 83 61 100 1 76 9 87 30 97 15 74 7
67 41 19 31 59 63 19 4 78 8 98 54 17 86 34 66 83 99 88 31 94 16 66 42 0 16 57 56 10 93 51 37 89 16 99 23 30 33 97 38 67 24 68 74 63 46 84 91 76 20 47 98 28 43 14 50 75 77 31 43 5 64 95 85 58 60 65 1 87 10 36 50 1 50 64 69 48 92 80 54 32 66 80 90 46
53 9 46 2 48 48 53 2 54 32 3 30 84 16 2 81 83 3 66 84 98 96 78 79 45 1 84 97 77 10 40 84 4 39 4 51 19 99 39 62 83 48 48 18 60 38 65 76 77 74 49 62 14 5 48 57 31 68 57 46 65 57 25 43 92 20 26 45 11 52 62 84 65 3 0 50 48 60 18 7 37 8 19 3 62
78 70 99 91 48 19 52 42 93 97 26 22 4 26 40 12 19 64 25 12 65 98 10 4 99 9 72 49 50 8 57 37 22 82 14 51 27 55 64 32 9 42 73 6 75 27 43 33 78 95 18 44 94 91 97 81 59 94 93 38 47 2 93 84 40 89 100 23 12 90 85 65 100 94 2 23 24 3 30 71 66 38 72 55 91
12 44 31 85 34 92 33 62 25 85 7 50 89 67 86 27 20 21 88 10 53 45 0 89 74 56 55 64 21 73 9 31 38 93 27 45 69 38 78 98 52 2 74 8 96 73 36 37 44 43 45 17 84 44 37 68 43 43 11 79 37 70 40 53 76 76 12 96 40 41 59 83 44 91 59 51 72 92 94 0 20 18 19 79 28
92 48 94 56 60 2 26 26 100 61 83 62 21 32 19 61 40 97 3 85 62 74 93 86 87 96 51 49 11 59 19 50 62 24 84 28 19 40 81 38 33 57 44 29 77 89 51 60 75 39 80 21 16 94 66 18 55 7 69 64 51 77 14 41 42 32 100 97 49 92 42 100 16 65 51 5 29 64 9 99 45 92 75 73 79
98 33 68 59 66 73 11 72 16 88 56 42 3 88 44 89 54 10 83 97 81 5 51 42 60 89 92 98 71 19 60 2 42 62 45 100 32 37 83 18 31 27 100 78 96 64 26 77 66 9 91 81 92 76 99 92 83 25 100 77 82 13 1 98 28 53 100 41 43 44 57 17 28 64 66 53 5 74 47 96 63 15 32 61 28
79 11 67 64 53 17 6 38 5 37 17 26 2 49 42 65 85 33 21 53 74 53 27 9 45 87 8 79 3 14 66 82 41 69 49 42 32 78 90 27 51 79 22 27 49 26 3 24 4 31 79 82 10 8 55 26 84 57 18 67 8 27 35 92 71 36 86 33 0 100 32 6 44 94 1 95 30 0 61 18 84 85 74 73 35
85 71 33 14 23 58 76 60 23 19 23 44 30 56 13 41 70 24 4 99 72 38 17 6 60 96 84 97 100 83 24 54 62 56 87 65 53 19 77 41 57 47 20 75 78 50 0 44 48 78 14 60 69 74 64 47 54 26 54 27 75 79 60 40 96 70 82 74 70 48 89 50 47 64 42 24 17 42 28 9 96 39 48 22 69
64 85 89 93 39 11 26 65 50 67 78 88 80 79 8 69 26 75 0 89 64 13 5 32 39 30 11 99 45 32 36 31 37 72 31 86 94 82 30 37 63 86 98 97 64 37 37 64 20 41 70 64 48 33 5 50 79 57 54 9 100 28 20 17 31 47 50 8 47 22 75 44 45 63 26 78 16 8 68 1 93 48 79 3 62
72 83 3 66 82 6 37 28 20 37 35 66 80 66 16 88 29 16 98 66 25 18 86 7 28 34 71 89 52 17 52 49 16 55 59 65 46 42 66 16 38 16 25 25 92 12 36 43 51 14 63 31 81 38 37 53 98 97 38 47 36 48 76 2 86 86 49 24 7 52 41 87 50 81 28 9 94 60 16 15 98 27 37 37 54
20 69 79 18 5 68 50 4 19 81 90 40 22 40 5 63 11 36 100 73 77 82 100 9 28 60 38 80 22 49 8 10 38 49 65 17 71 6 1 85 92 83 31 0 38 69 72 19 11 53 86 92 38 65 78 39 69 69 91 46 30 70 82 70 72 79 1 74 75 89 93 5 34 15 81 94 50 100 72 60 89 18 69 70 63
17 73 74 71 26 48 1 16 56 55 22 1 62 29 59 67 99 45 22 61 81 57 22 84 84 89 69 98 30 58 11 0 11 6 55 6 28 2 49 40 91 90 79 60 59 93 89 71 13 93 90 73 47 9 83 60 51 91 88 37 80 4 86 99 43 21 90 55 74 53 39 96 97 82 70 92 79 62 24 91 0 99 85 38 68
39 54 1 24 95 55 37 14 11 61 86 3 80 17 38 3 33 97 60 54 95 77 65 39 91 81 89 66 97 36 81 20 48 31 4 67 88 31 80 98 1 81 85 21 85 88 100 45 87 88 67 2 24 84 74 62 90 63 33 14 67 72 18 75 81 66 56 49 13 71 15 2 17 63 53 13 92 43 55 2 82 44 79 8 69
78 96 64 58 42 77 25 98 65 30 29 63 9 40 19 32 51 31 15 73 65 86 62 31 60 70 46 8 30 33 23 93 9 6 2 70 93 91 72 94 91 5 52 32 23 50 83 2 35 71 31 12 63 36 4 93 34 32 98 72 30 16 67 32 6 37 53 3 38 50 40 60 60 21 82 59 33 29 8 10 88 43 73 60 2
11 29 73 1 10 35 60 94 100 64 74 38 20 25 87 97 79 65 86 31 71 52 41 55 45 59 4 24 88 85 88 44 7 30 96 7 81 1 27 14 81 67 61 58 8 21 13 4 21 13 8 79 87 28 31 59 89 18 56 51 30 35 6 15 76 29 31 90 29 80 16 77 37 72 50 4 92 83 47 24 45 0 2 74 76
9 57 79 99 37 19 62 46 77 84 45 60 45 83 79 91 23 75 42 97 32 41 15 79 27 67 5 72 32 5 30 32 32 40 67 73 52 92 93 60 55 31 61 88 5 44 46 0 68 34 22 25 60 78 43 68 42 0 72 70 14 90 13 71 54 12 28 5 15 6 38 32 82 82 42 0 80 28 73 83 21 4 3 99 84
4 72 55 97 100 30 51 19 23 46 65 18 91 33 93 16 41 86 62 96 90 44 79 35 43 89 13 27 90 49 9 87 15 87 50 41 73 9 16 76 88 13 59 35 77 83 89 95 81 66 80 18 42 3 95 61 94 19 53 10 16 23 30 75 37 79 2 4 84 52 43 31 70 87 8 77 85 43 58 61 100 19 47 23 69
92 44 11 93 89 47 53 56 5 59 64 84 85 99 99 80 85 11 29 22 49 49 55 96 17 76 51 61 93 11 98 77 6 5 46 34 91 11 95 4 90 75 65 28 44 94 0 44 60 81 14 8 18 0 20 43 90 16 75 13 97 93 64 95 61 87 77 79 53 64 89 73 16 24 32 74 84 27 51 24 76 6 1 12 97
90 59 5 86 2 45 75 37 82 8 98 11 70 67 58 16 21 92 96 93 41 92 94 68 46 59 62 66 50 37 91 91 52 98 71 28 71 94 50 19 14 36 35 16 35 62 14 61 93 8 55 15 5 20 55 99 66 38 39 44 84 8 88 45 18 7 60 72 96 30 45 27 41 77 78 5 57 77 33 84 45 1 73 42 82
75 86 32 43 73 62 33 54 5 36 6 48 90 99 27 2 42 65 63 63 27 74 28 42 49 41 89 4 55 100 82 35 45 63 43 21 28 29 23 68 11 73 35 41 72 57 67 79 5 82 2 36 9 79 55 1 57 90 95 31 74 29 100 6 54 71 3 27 56 6 75 12 42 96 51 54 38 88 71 92 75 10 99 74 97
45 26 67 7 41 64 38 35 92 95 83 74 29 88 1 54 39 22 100 6 90 95 14 27 0 63 70 19 2 56 63 31 25 9 8 45 36 19 14 42 37 78 50 1 69 81 9 100 69 37 36 88 99 67 6 50 11 39 7 79 95 18 32 35 31 51 48 19 79 57 18 19 8 58 70 12 45 13 59 20 53 71 51 65 20
76 32 59 2 58 33 98 12 36 47 18 45 14 71 17 32 91 20 12 19 16 80 41 97 95 5 99 81 88 25 24 68 68 15 55 19 90 16 21 23 20 7 72 10 52 67 31 42 41 88 63 50 38 45 4 96 92 62 8 53 34 17 24 10 23 50 78 100 15 99 42 74 100 89 100 8 7 30 45 28 74 56 39 100 63
74 29 22 10 60 28 28 8 69 90 3 83 62 87 1 89 32 27 43 46 90 51 50 46 96 88 62 17 80 79 79 78 24 48 50 20 55 89 56 70 13 65 30 100 96 25 46 43 43 39 42 29 97 54 73 23 80 76 14 72 67 11 29 90 10 26 59 13 37 82 33 43 72 73 32 24 20 51 51 71 42 18 74 40 37
50 81 71 75 26 41 79 75 85 3 2 36 41 89 69 67 33 5 61 6 99 57 24 21 49 2 29 25 44 30 48 37 89 53 61 45 89 38 10 41 54 69 88 69 30 88 80 62 82 3 8 12 12 34 38 93 57 49 26 24 11 54 30 54 56 65 47 88 27 23 79 95 95 20 52 29 70 55 92 61 23 67 44 40 21
35 24 55 14 69 89 40 12 87 29 0 39 33 13 65 41 92 35 58 25 13 17 93 83 9 22 1 57 65 0 45 10 90 33 20 41 93 74 58 35 39 83 8 92 51 91 37 41 27 20 31 32 86 15 7 17 32 73 5 47 87 83 47 86 85 91 49 100 94 24 48 18 77 23 87 31 9 0 31 18 86 61 29 45 69
13 24 75 25 2 8 19 69 11 48 56 35 22 7 61 41 37 48 3 72 13 55 63 28 76 8 32 41 87 61 26 54 2 17 72 66 75 75 91 15 29 50 65 75 31 97 88 94 71 77 49 12 26 73 56 58 62 46 50 95 77 79 82 51 22 2 32 5 36 95 67 63 57 88 43 64 91 89 98 80 20 38 71 9 12
13 27 30 61 13 4 28 24 97 39 50 68 14 52 28 64 82 58 77 9 86 56 38 30 92 68 74 48 70 74 38 7 73 38 9 75 2 44 22 91 39 38 61 49 93 97 76 36 70 15 38 81 95 100 26 58 89 0 70 46 30 80 54 22 0 43 96 77 43 54 62 38 35 86 71 48 95 90 37 96 92 37 79 55 36
58 13 73 11 52 86 2 75 76 60 59 84 39 48 50 0 100 94 15 53 0 45 8 29 79 63 99 63 74 54 93 1 100 87 43 29 22 65 91 68 60 63 60 26 12 64 55 42 88 95 93 44 63 1 35 12 5 44 33 89 87 39 0 21 67 58 85 53 4 20 79 34 2 48 94 37 86 82 16 14 7 57 76 80 61
49 38 98 51 31 24 79 32 2 81 20 63 38 60 55 80 2 37 67 16 59 41 15 8 99 27 23 27 19 81 30 64 21 61 17 19 87 2 74 97 100 2 0 67 73 75 48 22 62 34 5 19 8 63 2 7 22 90 53 4 1 51 12 21 51 57 41 78 42 35 94 100 64 71 16 56 41 49 35 23 79 0 65 85 75
10 55 58 58 10 98 97 49 70 95 48 90 79 16 16 33 70 81 27 40 5 56 38 47 46 66 74 55 29 25 1 87 28 47 40 1 83 19 31 37 98 51 94 76 68 67 63 33 19 90 8 19 38 44 70 55 17 11 12 44 23 42 20 45 94 62 62 32 76 14 51 51 50 90 43 55 62 62 79 80 3 41 35 39 16
83 49 84 77 85 85 72 7 88 14 55 30 49 83 6 5 31 57 4 39 58 70 48 0 14 94 56 33 32 41 83 6 81 29 11 13 78 55 91 30 79 43 63 76 89 24 12 79 72 75 73 84 30 0 58 12 0 83 63 92 29 38 75 46 31 48 50 20 72 94 27 76 67 75 60 14 6 72 12 90 81 77 61 58 69
99 77 81 71 99 12 96 92 99 1 41 69 16 44 40 75 93 7 79 47 97 17 56 40 44 5 29 70 73 11 52 77 16 78 33 72 70 49 74 81 32 84 68 74 19 46 91 28 73 15 89 70 83 11 73 81 20 40 27 93 84 25 19 88 49 64 52 38 11 68 5 43 33 98 15 12 50 83 20 98 15 0 97 58 22
83 95 5 5 52 51 29 22 81 98 6 65 80 24 56 94 52 16 5 9 45 36 85 96 60 31 38 20 29 78 83 29 61 65 66 69 46 33 59 16 77 21 53 0 8 47 71 58 65 3 63 85 92 48 78 47 10 9 45 21 13 9 93 3 14 78 4 14 58 87 48 18 58 90 33 23 84 84 87 13 61 81 55 26 14
99 38 13 88 19 59 37 89 38 3 67 29 49 87 31 43 56 100 78 56 44 26 1 14 54 64 26 22 31 61 32 54 66 90 15 40 92 27 39 28 10 30 19 86 66 95 34 97 56 71 4 81 78 70 70 72 36 99 33 55 32 14 57 77 71 13 63 59 71 92 52 29 61 49 45 14 7 16 48 60 29 29 67 61 57
52 76 97 20 44 4 93 94 84 97 97 74 43 15 53 32 76 26 65 18 75 19 28 24 56 65 20 50 74 26 2 47 96 20 19 38 67 39 27 87 59 35 78 53 49 40 64 0 96 27 54 3 2 42 82 32 47 72 64 79 85 43 19 58 94 50 78 22 96 14 66 36 99 78 60 40 41 76 76 15 0 19 55 46 72
99 44 54 39 87 91 95 75 49 2 16 15 20 59 99 63 42 5 81 62 18 5 25 83 42 92 71 96 49 78 65 89 73 86 96 5 24 83 9 23 71 61 49 75 43 24 21 17 77 53 58 14 74 85 54 93 19 71 98 96 19 100 26 71 37 28 43 34 63 94 38 60 96 57 91 57 56 50 39 18 70 54 18 97 19
51 14 89 32 2 86 53 85 14 3 72 34 79 37 15 81 87 54 84 14 99 18 16 94 98 37 70 32 80 25 66 81 30 52 87 13 54 2 61 8 86 75 82 54 19 22 78 13 23 37 83 0 35 82 20 33 99 95 34 66 16 21 5 89 38 91 4 27 51 1 27 84 94 75 28 24 37 63 75 75 59 56 8 43 43
66 46 48 31 54 14 59 68 95 92 64 69 93 15 29 17 51 62 22 9 99 6 60 54 97 96 36 20 60 6 60 12 62 46 73 44 56 97 98 88 68 16 99 83 64 55 44 47 45 57 8 94 87 33 44 59 87 95 34 58 79 38 8 89 32 52 6 47 43 85 62 55 65 34 41 83 8 77 90 41 52 89 75 2 98
66 26 29 2 13 58 62 62 39 8 29 7 10 51 12 48 97 4 61 96 54 28 52 92 61 51 9 5 93 5 90 63 6 91 66 25 78 45 29 26 0 93 26 26 12 76 99 25 77 94 55 85 14 6 43 37 74 37 42 63 49 56 69 33 19 66 0 19 85 87 70 52 76 35 96 62 2 26 80 85 53 84 29 100 50
5 49 0 48 28 52 41 3 67 78 44 24 93 6 46 76 80 41 90 23 3 9 79 11 82 35 48 57 57 9 65 27 70 83 14 17 0 71 57 35 29 48 8 58 52 37 10 19 34 9 74 43 39 76 47 96 71 90 66 94 3 84 46 57 12 16 55 9 93 29 75 8 84 54 95 55 0 21 59 44 24 28 23 48 36
21 88 94 36 18 46 11 5 63 32 45 2 52 45 35 83 0 27 5 34 65 59 86 82 92 96 49 30 21 69 76 61 99 20 91 29 61 73 74 83 64 3 21 22 49 53 48 76 24 62 23 1 18 13 71 63 2 12 44 22 98 82 84 94 57 85 3 32 55 6 22 27 53 22 70 62 38 64 32 39 48 74 5 60 45
74 43 85 49 28 26 49 29 51 86 83 19 27 66 65 49 16 21 18 39 96 48 96 43 9 24 39 80 5 75 23 76 23 48 83 41 19 83 26 80 73 99 1 37 88 42 10 99 68 91 31 53 88 20 49 26 48 41 40 3 88 70 23 77 62 6 97 80 83 23 29 34 95 38 67 98 46 58 56 67 14 41 12 15 44
71 88 2 99 57 94 79 43 23 93 3 76 25 76 81 46 31 15 44 61 98 58 50 54 52 80 90 86 73 89 47 58 8 32 91 18 94 81 26 30 51 91 72 46 63 22 20 83 75 20 84 25 68 55 46 13 38 48 46 77 3 93 70 34 46 46 67 94 85 63 53 50 90 13 9 6 86 4 92 30 59 7 10 52 5
21 90 54 86 78 81 45 34 49 27 58 21 38 0 17 55 27 98 12 68 33 36 55 45 40 27 34 57 16 18 96 83 17 28 24 57 12 7 7 82 7 16 40 86 51 86 48 4 74 76 32 10 99 85 73 86 34 8 46 50 46 88 18 31 31 76 3 9 76 61 42 20 90 30 60 16 96 69 95 54 79 30 83 40 86
86 84 33 56 38 22 4 61 57 36 19 99 9 55 75 83 39 28 13 33 11 20 68 24 56 90 66 14 93 71 16 5 78 45 46 92 70 53 37 38 38 60 33 95 41 18 87 14 19 71 40 2 70 6 75 66 15 9 0 49 57 90 68 86 20 14 20 64 8 84 13 86 91 75 96 52 88 74 84 37 3 51 96 21 31
14 36 71 71 81 77 60 53 89 82 49 92 47 75 26 98 22 5 35 58 55 11 95 11 22 78 42 26 63 46 6 94 47 55 6 79 49 94 28 7 53 32 2 94 47 61 41 100 57 39 81 45 60 63 76 2 42 60 48 2 34 34 90 43 76 55 44 92 69 47 49 29 78 28 5 22 9 0 65 62 37 42 69 24 65
61 33 84 80 3 37 90 46 25 73 19 42 59 18 92 16 49 31 9 91 52 68 31 58 53 94 41 96 86 66 93 65 66 78 14 21 60 12 65 10 59 84 52 56 86 81 50 82 73 46 89 11 59 33 13 94 1 26 26 10 96 95 60 60 80 54 76 81 3 71 56 37 67 100 32 68 15 76 72 73 43 60 23 40 77